0	0
28.0106813153	70.0671396963
27.6337834745	70
0	0
27.9279774166	70.0881971466
28.1913481346	70
0	0
12.0936903944	50.3228809033
15.1726558328	51.0189974823
16.3698786908	50.6442359045
16.641794461	50.1083390555
16.8902113375	50.4394598306
17.726100557	50.3179980163
18.1582360571	50
0	0
6.19241626612	50
5.8640421149	51.0437170977
5.94827191577	51.8249790188
7.05302510109	52.2381933318
6.68894483864	52.5491721981
7.1931029221	53.3157854582
6.40878919661	53.6075379568
0	0
20	54.4663157092
19.6020447089	54.4766918441
0	0
12.2996871901	50
12.093385214	50.3231860838
0	0
20	68.4066529335
19.9377431907	68.3373769741
18.096894789	68.5085831998
17.8841840238	67.9455252918
16.7269398032	67.8991378653
15.4680704967	66.2838178073
14.5049210346	66.1324483101
13.6626230259	64.5827420462
14.1466392004	64.1738002594
12.6677347982	63.9632257572
11.9365224689	63.2722972457
12.1245136187	61.7286945907
12.8560311284	61.3624780652
12.2099641413	61.0023651484
12.489204242	60.0984206912
11.815365835	59.8457312886
11.6212710765	58.9048599985
10.7576104372	58.9137102312
0	0
4.99397268635	50
4.83222705425	50.1669336995
4.22278171969	50
0	0
4.12237735561	50
2.54154268711	51.0910200656
0	0
14.8284122988	50.8657969024
14.2256809339	53.9285877775
0	0
6.01174944686	50.7565423056
5.04127565423	51.4865339132
3.37041275654	51.3723964294
0	0
6.13290608072	50.1266498817
6.06240939956	50
0	0
8.41016250858	55.086442359
10.0309758145	54.7656977188
0	0
23.3197528038	50
24.1327534905	50.5444419013
23.1689936675	52.2821393149
23.9105821317	53.1671625849
22.9929045548	54.3878843366
20	54.4663157092
0	0
20.5862516213	69.0576028077
20	68.4066529335
0	0
27.6337834745	70
25.988860914	69.7067215991
24.9085221637	68.5580224308
22.3984130617	68.7112230106
21.3208209354	69.326161593
20.5816739147	69.0594338903
23.6661326009	67.9415579461
24.1355001144	65.5132372015
0	0
28.9594872969	69.0505836576
28.6967269398	68.1933318074
30.0285343709	67.6946669718
29.0751506828	66.880140383
30.611123827	64.1017776761
29.9934386206	63.7434958419
31.5819028	62.9143205921
0	0
21.0537880522	56.0779736019
22.0672922866	56.4194705119
24.899671931	56.4505989166
26.6135652705	55.6754406043
0	0
21.0537880522	56.0779736019
22.0672922866	56.4194705119
24.899671931	56.4505989166
26.6135652705	55.6754406043
0	0
26.1606775006	54.9771877623
25.7715724422	54.1550316625
23.5040817884	53.9478141451
0	0
26.1606775006	54.9771877623
25.7715724422	54.1550316625
23.5040817884	53.9478141451
0	0
35.3063248646	50.9594872969
35.6350041962	50.3576714733
37.4584573129	50.4397650111
37.9223315785	50
0	0
31.7839322499	52.1081864652
33.8182650492	52.3669794766
34.3831540398	51.843900206
0	0
27.3710231174	57.5358205539
25.2948805982	58.0845349813
24.3115892271	57.8709086748
0	0
30.925459678	55.6031128405
28.1678492409	56.1493858244
0	0
30.925459678	55.6031128405
28.1678492409	56.1493858244
0	0
27.5126268406	51.6302738994
29.3537804227	51.3751430533
0	0
31.586785687	62.9124895094
27.8107881285	60.5476462959
0	0
28.1657129778	56.151216907
27.3710231174	57.5364309148
0	0
28.1913481346	70
29.1276417182	69.6859693294
29.0342565042	69.0295262074
30.8567940795	69.793698024
0	0
31.1989013504	54.4608224613
30.925459678	55.6031128405
0	0
25.5466544594	51.922636759
23.6026550698	51.5310902571
0	0
25.5481803616	51.9208056764
27.5126268406	51.6302738994
0	0
31.3765163653	53.1210803388
31.7839322499	52.1081864652
0	0
32.737315938	53.4387731746
31.3765163653	53.1210803388
0	0
26.6126497292	55.6748302434
26.8195620661	55.2811474784
26.1606775006	54.9771877623
0	0
26.6126497292	55.6748302434
26.8195620661	55.2811474784
26.1606775006	54.9771877623
0	0
34.2098115511	51.2594796674
35.3057145037	50.9594872969
0	0
29.3537804227	51.3751430533
30.5494773785	51.2527656977
0	0
32.7364003967	53.4384679942
31.7631799802	53.8043793393
0	0
30.8009460594	51.9443045701
30.5503929198	51.2530708782
0	0
22.6022735943	55.0720988785
21.2668039979	55.248798352
0	0
22.7847714961	54.3649958038
22.6022735943	55.071793698
0	0
27.8440527962	59.1596856641
27.6694895857	58.009765774
0	0
31.7839322499	52.1081864652
30.8009460594	51.9443045701
0	0
34.382543679	51.8432898451
34.2986190585	51.3690394446
0	0
27.3710231174	57.5358205539
27.6700999466	58.009765774
0	0
31.8657206073	54.0021362631
31.1952391852	54.4602121004
0	0
27.3499656672	55.826504921
26.6141756313	55.6751354238
0	0
27.3499656672	55.826504921
26.6141756313	55.6751354238
0	0
28.1678492409	56.1493858244
27.6014343481	55.7920195315
0	0
28.1678492409	56.1493858244
27.6014343481	55.7920195315
0	0
31.8657206073	54.0021362631
31.7634851606	53.8031586175
0	0
27.8440527962	59.1596856641
28.1892118715	59.3525597009
0	0
27.6014343481	55.7920195315
27.3508812085	55.826504921
0	0
27.6014343481	55.7920195315
27.3508812085	55.826504921
0	0
34.2986190585	51.3690394446
34.2098115511	51.2594796674
0	0
28.0158693828	59.4785992218
28.1892118715	59.3525597009
0	0
27.7961394675	60.5455100328
27.4995040818	60.2552834363
0	0
50.7731746395	51.7691309987
48.5935759518	50.6482032502
48.7800411994	50
0	0
48.6152437629	50
47.4439612421	50.3750667582
0	0
57.7944609751	51.1200122072
57.4819562066	50.8645761807
56.5032425422	51.081559472
55.6923781186	50.5325398642
54.6471351186	51.0370031281
54.5201800565	50.5282673381
0	0
60	50.8297856107
59.5425345235	50.4782177462
58.3367666133	51.1560234989
0	0
52.5831998169	51.4642557412
52.3469901579	51.7810330358
51.6820019837	51.4547951476
50.7722590982	51.7694361791
0	0
47.4464026856	50.3768978408
47.2642099641	50
0	0
54.5235370413	50.5285725185
53.3568322271	51.5066758221
0	0
53.3568322271	51.5066758221
52.5831998169	51.4642557412
0	0
58.3376821546	51.1560234989
58.0022888533	51.0849164569
0	0
58.0010681315	51.0846112764
57.7944609751	51.1200122072
0	0
60.0256351568	52.0007629511
61.062027924	52.3425650416
60.9967193103	52.9788662547
62.1155107958	52.9987029831
61.1847104601	53.306630045
61.5774776837	53.5132372015
60.9054703593	53.6203555352
61.0141145953	53.9475089647
63.3258564126	54.1824979019
0	0
61.6781872282	51.2646677348
61.4105439841	50.7925535973
60.0436408026	50.8633554589
60	50.8297856107
0	0
79.3368429084	51.6693369955
80	50.8532845045
0	0
71.0643167773	54.1919584955
72.1907377737	54.1355001144
72.051575494	54.3878843366
72.4684519722	53.9087510491
73.7639429313	54.0656137942
73.4370946822	53.4360265507
0	0
66.1081864652	54.6451514458
68.2053864347	54.9662012665
68.7269398032	55.3672083619
0	0
75.6914625772	54.1101701381
76.9234760052	54.4754711223
76.5215533684	53.9938963912
77.8011749447	53.3456931411
0	0
64.6039520867	54.390936141
66.1081864652	54.6430151827
0	0
64.6039520867	54.390936141
66.1081864652	54.6430151827
0	0
70.4701304646	55.2967116808
71.2788586252	54.6903181506
71.0658426795	54.1931792172
0	0
68.7232776379	55.3684290837
70.4704356451	55.2973220417
0	0
60.9445334554	51.6198977646
60.024414435	52.0007629511
0	0
73.4370946822	53.4360265507
74.429236286	53.478751812
75.6905470359	54.1110856794
0	0
77.8008697642	53.3453879606
79.3368429084	51.6693369955
0	0
63.9014267185	54.1977569238
64.6018158236	54.3924620432
0	0
60.9445334554	51.6198977646
61.4966048676	51.4282444495
0	0
63.3258564126	54.1824979019
63.9026474403	54.1968413825
0	0
61.6803234913	51.2668039979
61.4999618524	51.4300755322
0	0
90.052948806	50
92.3836118105	50.8746471351
94.2751201648	50.5694666972
94.6352330816	50.024414435
94.8632028687	50
0	0
97.7914091707	50
98.2897688258	50.2935835813
97.8277256428	51.0009918364
98.9300373846	52.143587396
100	51.8802166781
0	0
81.5994506752	50.7360952163
83.45647364	51.0025177386
84.7367055772	50
0	0
80	50.8532845045
80.0778210117	50.757457847
80.6878767071	51.3144121462
81.5994506752	50.7360952163
0	0
116.175478752	50
114.312962539	50.2841229877
113.806363012	50
0	0
100	51.8802166781
102.218966964	51.3336385138
102.327916381	50.5694666972
103.32402533	50.1974517433
105.356527047	50.4834058137
107.709468223	50
0	0
119.110093843	50
120	51.1294728008
0	0
120	51.1294728008
120.776073854	52.1145952544
120.028381781	52.7676813916
120.863355459	53.279468986
123.262073701	53.5541313802
126.095368887	52.7643244068
127.585259785	50.2084382391
0	0
127.586480507	50.2029449912
127.663996338	50
0	0
-140	60.3306630045
-140.997329671	60.3074692912
-141.003128099	69.6456855116
0	0
-130.608072023	54.7077134356
-129.971770809	55.2823682002
-130.088654917	56.1179522393
-131.824521248	56.5970855268
-135.234912642	59.7029068437
-136.343938354	59.60280766
-137.477988861	58.907301442
-139.067978943	60.3523308156
-140	60.3306630045
0	0
-7.25291828794	55.0705729763
-8.15655756466	54.4385442893
-6.26688029297	54.0994888228
0	0
18.1582360571	50
18.9779507134	49.3966582742
19.4662394141	49.6099794003
20	49.232776379
0	0
13.7212176699	46.5273517967
14.5696192874	46.3863584344
16.2932784009	46.8709849699
17.863431754	45.7677576867
20	46.1184100099
0	0
7.5889219501	47.5851071946
8.2276646067	48.9645227741
6.36209658961	49.4601358053
6.19241626612	50
0	0
9.3379110399	30
9.30220492866	30.1229877165
10.2134737163	30.7309071489
10.2873273823	31.694056611
11.5675593194	32.4423590448
11.5260547799	33.1723506523
0	0
7.53215838865	43.7886625467
7.67284657053	44.1826504921
6.8769359884	44.3767452506
6.61997405966	45.1103990234
7.1818112459	45.4158846418
6.80888075074	45.8315403983
7.86327916381	45.9209582666
8.43030441749	46.4629587243
9.00587472343	45.8208590829
9.29701686122	46.503852903
10.1374837873	46.2310215915
10.4875257496	46.9378194858
9.47585259785	47.0580605783
9.56679636835	47.5405508507
0	0
9.73098344396	47.536583505
10.1731898985	47.2747386893
10.4725719081	47.5915159838
11.2693980316	47.4019989319
12.2572671092	47.7431906615
13.0531776913	47.4962996872
12.7583733883	48.1237506676
13.8347447929	48.7722590982
12.6646829938	49.4293125811
12.2996871901	50
0	0
16.1110856794	46.8691538872
16.5105668727	47.0067902647
16.4504463264	47.6980239567
17.1908140688	48.0230411231
18.6553749905	47.7584496834
20	48.1545738918
0	0
7.03990234226	45.9322499428
6.70267795834	46.4547188525
5.96597238117	46.1403830014
6.99046311131	47.4972152285
8.56610971237	47.806973373
9.72823682002	47.5353627832
0	0
19.9273670558	39.8448157473
20	39.806973373
0	0
20	42.5398641947
19.6542305638	42.6259250782
19.3676661326	41.8504615854
0	0
18.8509956512	49.5181200885
16.9420920119	48.6169222553
0	0
6.36209658961	49.4601358053
5.47310597391	49.5062180514
4.99397268635	50
0	0
4.22278171969	50
4.15075913634	49.9801632715
4.12237735561	50
0	0
13.7172503243	45.5980773632
13.3830777447	46.2972457465
13.7190814069	46.5270466163
12.4406805524	46.6909285115
12.1892118715	47.0946822309
10.4719615473	46.8679331655
0	0
9.53719386587	30.2337682155
9.05531395438	32.0999465934
8.34851606012	32.5333028153
7.49248493172	33.8873884184
8.25329976349	34.6482032502
8.18371862364	36.5241474022
8.62897688258	36.9434653239
0	0
13.8335240711	48.7734798199
14.7002365148	48.5815213245
15.0258640421	49.018844892
16.54352636	48.8119325551
17.0681315328	48.1441977569
0	0
1.4859235523	42.602121004
0.00518806744488	42.7092393378
0	0
6.06240939956	50
5.8084992752	49.544975967
0	0
3.208361944	42.4345769436
1.75570305943	42.5069047074
0	0
1.75570305943	42.5069047074
1.45815213245	42.5654993515
1.75387197681	42.5069047074
0	0
9.67666132601	42.9527733272
9.45174334325	43.1822690166
0	0
19.2956435492	39.8701457237
19.6627756161	39.9305714504
0	0
12.4071107042	43.9162279698
12.4077210651	43.9134813458
0	0
9.59945067521	47.0641641871
9.53414206149	47.2741283284
0	0
17.1663996338	48.0123598077
17.064774548	48.143587396
0	0
1.99465934234	42.4611276417
1.99374380102	42.4623483635
0	0
9.8286411841	42.4864576181
9.79354543374	42.6628519112
0	0
9.03608758679	41.3414206149
9.3998626688	41.4106965743
0	0
7.39147020676	43.7294575418
7.44029907683	43.7575341421
0	0
8.67994201572	47.6931410697
8.68085755703	47.6931410697
0	0
18.4612802319	42.5459678035
18.9541466392	43.5304798962
19.5236133364	43.6021972992
19.2126344701	43.9980163272
19.6206607156	44.0379949645
19.0936140993	44.3880369268
19.3685816739	44.8790722515
15.7711146715	45.1863889525
16.2511635004	44.1847867552
18.4612802319	42.5459678035
0	0
19.2294193942	43.5344472419
20	43.123369192
0	0
18.8387884337	45.9075303273
19.4268711376	45.213244831
18.955367361	44.8531319142
0	0
16.5661097124	46.4837109941
15.6197451743	46.1907377737
15.3401998932	45.4586099031
13.5902952621	45.4857709621
0	0
20	49.232776379
20.0814831769	49.1754024567
21.6128786145	49.436942092
22.5580224308	49.0783550774
0	0
20	46.1184100099
20.2008087282	46.1513694972
21.5136949722	45.1509880217
21.3968108644	44.7826352331
22.7173266194	44.6022735943
22.9669642176	43.8170443275
25.416037232	43.6247806516
27.0301365682	44.1481651026
28.5831998169	43.747768368
0	0
37.4905012589	30
37.5027084764	30.0021362631
38.001373312	30.5041580835
37.0052643626	31.5054551003
39.3026626993	32.2375829709
38.7948424506	33.3780422675
36.8377203021	32.3135729
35.6441596094	32.6898603799
0	0
25.1514457923	31.6470588235
24.7064927138	30.1562523842
24.7565423056	30
0	0
20.2615396353	46.1181048295
21.1767757687	46.2954146639
22.0239566644	47.5225452049
23.1570916304	48.1072709239
24.9195086595	47.7117570764
26.7042038605	48.2638284886
28.0820935378	46.9805447471
28.0650034333	45.5852597848
29.6598764019	45.2120241093
0	0
22.1515220874	48.411841001
22.8839551385	49.0063324941
22.6807049668	49.572137026
23.3197528038	50
0	0
20	48.1545738918
21.4309910735	48.5760280766
22.8946364538	47.9534599832
0	0
20.9829861906	40.8561837186
24.2539101244	41.570000763
25.9836728466	41.3200579843
26.2314793622	41.7500572213
26.6361486229	41.3627832456
26.0468451972	40.7353322652
0	0
40	36.8336003662
39.2440680552	36.6663614862
36.6604104677	36.8336003662
36.6903181506	36.2360570687
35.9227893492	35.9266041047
0	0
20	39.806973373
20.2645914397	39.6690318151
21.0531776913	40.6733806363
20.1718165866	42.496833753
20	42.5398641947
0	0
34.217441062	31.322652018
34.711528191	30
0	0
22.9346150912	41.3414206149
22.8644235904	42.027161059
22.3636224918	42.3201342794
23.0072480354	43.1960021363
22.3593499657	43.8170443275
22.6810101472	44.2262912947
0	0
35.1082627604	31.8329137102
34.8879224842	31.3824673838
35.4781414511	31.4975204089
35.4622720684	31.121232929
35.1049057755	30
0	0
37.9223315785	50
38.0242618448	49.9032578012
0	0
35.6441596094	32.6898603799
35.5529106584	32.3938353552
35.0798809796	32.4704356451
35.0005340658	31.9867246509
0	0
29.8957808804	46.5511558709
28.8783093004	48.0099183642
0	0
38.0242618448	49.9041733425
40	49.6231021592
0	0
28.0131227588	41.9822995346
27.0563820859	42.0881971466
26.3578240635	41.7125200275
0	0
38.795147631	33.3752956435
40	33.9447623407
0	0
39.3020523384	32.2360570687
40	31.9385061418
0	0
39.0392919814	47.8667887388
39.7680628672	47.831387808
39.921263447	48.3675898375
0	0
39.0392919814	47.868314641
38.3395132372	47.6012817578
38.2357518883	47.1093308919
0	0
39.6694895857	48.5882352941
40	49.065537499
0	0
27.5208667124	48.4649423972
28.4608224613	48.0712596323
0	0
27.5208667124	48.4649423972
26.6349279011	48.2586404211
0	0
29.2576485847	36.2049286641
29.59578851	36.0297550927
0	0
34.2677958343	31.2173647669
34.4902723735	31.5967040513
0	0
28.8783093004	48.0096131838
28.4608224613	48.0712596323
0	0
39.6700999466	48.5882352941
39.921263447	48.3675898375
0	0
27.0304417487	37.8394750896
26.9727626459	37.6487373159
0	0
28.1223773556	36.4914930953
28.4950026703	36.4692149233
0	0
36.6942854963	45.4317540246
36.5307087816	45.137254902
0	0
29.8957808804	46.5511558709
30.1335164416	46.4156557565
0	0
27.3060196841	36.7664606699
27.4341954681	36.5629053178
0	0
27.0518043793	37.5046921492
27.1787594415	37.2516975662
0	0
26.2192721447	38.3244068055
26.2983138781	38.1123064012
0	0
26.1185626001	39.3873502708
26.4448004883	39.3986419471
0	0
27.1512932021	37.0640115969
27.3548485542	36.9300373846
0	0
25.5887693599	40.0361638819
25.6760509651	39.8139925231
0	0
27.729610132	36.6413366903
27.9133287556	36.6297398337
0	0
26.3529411765	38.7013046464
26.305943389	38.4840161746
0	0
25.8503089952	40.4036011292
25.625085832	40.254367895
0	0
26.6901655604	39.0754558633
26.5851834897	38.8804455634
0	0
35.2562752728	31.8081940948
35.2562752728	31.8075837339
0	0
26.0440985733	43.9043259327
26.0697337301	43.9290455482
0	0
22.3736934463	42.3265430686
20.6265354391	41.9423208972
0	0
20	43.123369192
20.3585870146	42.931715877
20.0851453422	42.5633630884
0	0
35.100328069	33.0945296407
36.6201266499	34.1977569238
36.457160296	34.6356908522
35.9807736324	34.6561379416
0	0
35.6231021592	33.2455939574
35.6441596094	32.6898603799
0	0
35.5559624628	32.389562829
35.4784466316	31.4975204089
0	0
30.133821622	46.4165712978
28.9942778668	46.4785229267
28.2050812543	45.4522011139
0	0
44.7971313039	39.6485847257
44.034180209	39.3849088273
44.4840161746	38.3451590753
44.2230869001	37.9002059968
45.3501182574	35.9885557336
46.3498893721	35.8060578317
45.4032196536	33.9752803845
46.1072709239	32.9675745785
47.4341954681	32.3978027008
47.8644998856	31.7987335012
47.6939040208	31.0009918364
48.0363164721	30.9976348516
48.0323491264	30.4913405051
48.5810635538	30
0	0
42.2073701076	37.3215838865
40	36.8336003662
0	0
60	36.9520103761
59.3389791714	37.5391775387
57.4502174411	37.9392690929
57.2121766995	38.2819867247
55.4427405203	38.0857557031
54.6810101472	37.4436560616
53.9018844892	37.351186389
0	0
60	42.2240024414
58.6095979248	42.7977416648
58.1429770352	42.6308079652
58.5107194629	42.3012130922
58.0273136492	42.5035477226
56.978408484	41.8849469749
57.0501258869	41.262684062
55.9996948196	41.326161593
0	0
41.5320057984	41.5239185168
42.832074464	41.5831235218
43.6716258488	40.928206302
43.6578927291	40.1084916457
44.8142214084	39.6327153429
0	0
44.7946898604	39.6504158083
46.1667811093	38.8398565652
47.9765011063	39.7196917678
48.3598077363	39.3846036469
48.0207522698	38.8355840391
48.8844129091	38.4452582589
0	0
48.7800411994	50
48.7968261234	49.9420157168
48.6152437629	50
0	0
46.539406424	38.8780041199
46.5415426871	39.5643549248
45.59578851	39.9781795987
46.0019836728	40.2256809339
45.0223544671	41.2986953536
0	0
42.3566033417	37.1076523995
42.7908751049	37.3847562371
44.1162737469	37.316395819
44.317082475	36.9706263828
44.7882810712	37.1485465782
0	0
46.4518196384	41.896849012
45.1587701228	42.7058823529
43.9612420844	42.5578698405
43.3933012894	42.8990615702
0	0
46.4518196384	41.896849012
45.1587701228	42.7058823529
43.9612420844	42.5578698405
43.3933012894	42.8990615702
0	0
46.4518196384	41.896849012
45.1587701228	42.7058823529
43.9612420844	42.5578698405
43.3933012894	42.8990615702
0	0
47.1354238193	48.2485694667
47.1503776608	47.8060578317
48.5471885252	47.4172579538
49.0272373541	46.7760738537
48.4782177462	46.6668192569
49.2228580148	46.3454642557
0	0
56.0009155413	41.3273823148
55.4567788205	41.2867933165
54.1731898985	42.3372243839
52.4388494697	41.7421225299
0	0
40	49.6231021592
40.1272602426	49.6050965133
0	0
43.3933012894	42.8990615702
40.6848249027	43.5457389181
40.0073243305	43.4016937514
0	0
43.3933012894	42.8990615702
40.6848249027	43.5457389181
40.0073243305	43.4016937514
0	0
45.0220492866	41.2977798123
46.5207904173	41.0499732967
46.450904097	41.8959334707
0	0
46.4518196384	41.8971541924
47.7668421454	41.1961547265
48.5856412604	41.8379491875
0	0
40	33.9447623407
41.0037384604	34.4193179217
41.2903028916	36.3556878004
42.3746089876	37.0618753338
0	0
40	31.9385061418
43.6581979095	30.3793392844
43.6255436027	30
0	0
44.7748531319	39.7056534676
45.8115510796	39.5564202335
46.1777676051	38.8419928283
0	0
47.2642099641	50
46.4991226062	48.4176394293
47.1354238193	48.2485694667
0	0
40	49.065537499
40.0817883574	49.183947509
0	0
47.9468986038	30.0140383001
47.1699092088	30.0152590219
47.1595330739	30
0	0
45.0220492866	41.2977798123
43.4879072251	41.1107042039
0	0
45.0220492866	41.2977798123
43.4879072251	41.1107042039
0	0
55.9996948196	41.326161593
55.9972533761	45.0029755093
0	0
55.9969481956	45.0023651484
58.5696192874	45.5712214847
59.4576943618	45.151903563
0	0
42.2092011902	37.3197528038
42.3739986267	37.0597390707
0	0
40.140077821	49.6005188067
40.0811779965	49.183947509
0	0
45.5558098726	40.6651407645
45.5567254139	40.664835584
0	0
45.0302891585	41.0844586862
45.0302891585	41.0844586862
0	0
45.0302891585	41.0844586862
45.0302891585	41.0844586862
0	0
47.953307393	30.0079346914
47.9810788128	30
0	0
45.211871519	41.0057221332
45.2127870603	41.004196231
0	0
79.0038910506	33.7717250324
78.9367513542	33.40764477
78.9868009461	34.3466849775
78.3093003738	34.6427100023
78.0059510185	35.5173571374
76.1718165866	35.816739147
75.8553444724	36.6672770275
74.4005493248	37.1390859846
75.1876096742	37.4067292287
74.8567940795	38.4702830549
73.8176546883	38.6076142519
73.6546883345	39.4380102235
74.8601510643	40.5192645151
76.3457694362	40.3501945525
76.8740367742	41.0142671855
78.0807202258	41.0408178836
80	41.9313344015
0	0
80	44.8622873274
79.864805066	44.896162356
80	44.9297322042
0	0
60.9835965515	30
61.8512245365	31.0211337453
61.713588159	31.3833829252
60.8438239109	31.4984359503
60.582589456	33.0661478599
60.9430075532	33.5193408103
60.5276569772	33.6441596094
60.506599527	34.1345845731
60.9152361334	34.3201342794
61.2890821698	35.6263065537
62.7222095064	35.2545967803
63.1195544366	35.8619058518
64.4739452201	36.2555886168
64.7895017929	37.1180285344
65.7804226749	37.5712214847
68.0216678111	36.9242389563
68.8877698939	37.338673991
69.2866407263	37.1042954147
70.9529259174	38.4721141375
71.5919737545	37.9029526207
71.6771190967	36.6764324407
73.3070878157	37.4631876097
74.913557641	37.2391851682
0	0
74.5690089265	37.0255588617
71.6279850462	36.4621957733
71.1879148547	36.0471503777
71.6639963378	35.1956969558
70.9874113069	34.5511558709
71.0856794079	34.0601205463
69.9064621958	34.0354009308
70.3270008392	33.3319600214
69.5051499199	33.0341039139
69.3311970703	31.9342336156
66.7231250477	31.2121766995
66.3074692912	30
0	0
78.9367513542	33.4052033265
79.530327306	32.7280079347
78.9712367437	32.3508049134
78.3974975204	32.5485618372
78.7670710307	31.3101396201
79.0923933776	31.4373998627
80	30.8648813611
0	0
74.588845655	31.5963988708
74.6904707408	31.0653849088
73.7315938048	30
0	0
61.2784008545	35.6052491035
61.1572442206	36.6498817426
60.3329518578	36.6559853513
60	36.9520103761
0	0
61.3842984665	41.2343022812
60.1403830014	41.3810940719
60.0555428397	42.2011139086
60	42.2240024414
0	0
77.8213168536	35.5002670329
76.8761730373	34.6604104677
73.9415579461	34.646677348
73.9137865263	34.0692759594
74.2958724346	33.977721828
74.0169375143	33.188830396
75.3548485542	32.3031967651
0	0
66.5357442588	37.3655298695
66.6437781338	38.0030518044
62.441138323	40.0309758145
0	0
66.5357442588	37.3655298695
66.6437781338	38.0030518044
62.441138323	40.0309758145
0	0
72.1940947585	41.004196231
71.6914625772	41.5562676432
71.4180209049	41.1186388952
70.1872281987	41.528191043
71.2742809186	42.1889066911
70.9694056611	42.2526894026
0	0
70.3468375677	40.4301518273
71.7106889448	40.1457236591
73.1731136034	40.8232242313
72.1956206607	41.0060273136
0	0
70.9694056611	42.2532997635
71.1757076371	42.6945906767
71.869687953	42.8429083696
73.5197985809	42.4080262455
73.5838864729	43.0385290303
74.2009613184	43.2686350805
0	0
75.6762035554	42.806286717
79.1863889525	42.7971313039
80	42.3305104143
0	0
70.9822232395	40.2449073014
69.2649729152	39.8603799496
69.3318074311	39.5179674983
70.6739909972	39.5075913634
0	0
68.1440451667	41.0514991989
68.0155642023	40.8137636378
68.6317235065	40.6074616617
69.0565346761	41.3792629892
70.9694056611	42.2526894026
0	0
70.6739909972	39.5075913634
71.4796673533	39.620202945
72.2487220569	39.1920347906
73.6699473564	39.4590676738
0	0
67.3667505913	39.2942702373
68.1132219425	38.9976348516
68.3842221714	38.1956206607
67.7799649042	37.1857785916
0	0
69.0977340352	40.2244602121
69.4059662776	40.8021667811
69.7325093462	40.6385900664
70.4304570077	41.0502784771
70.7957579919	40.7258716716
0	0
67.3661402304	39.2936598764
67.7097734035	39.6256961929
68.5401693751	39.5545891508
68.9872587167	40.1490806439
0	0
62.4417486839	40.030670634
61.8933394369	41.1116197452
61.3858243687	41.235523003
0	0
62.0236514839	43.4856183719
64.9314106966	43.7376974136
65.8219272145	42.8770885786
66.1237506676	42.9970244907
66.0706492714	42.4242008087
0	0
62.0236514839	43.4856183719
64.9314106966	43.7376974136
65.8219272145	42.8770885786
66.1237506676	42.9970244907
66.0706492714	42.4242008087
0	0
75.3566796368	32.3041123064
74.5922026398	31.5991454948
0	0
74.2009613184	43.2686350805
75.6762035554	42.806286717
0	0
71.0325780117	40.1631189441
71.2330815595	39.8933394369
71.0325780117	40.1631189441
0	0
60.6399633783	44.6053253986
62.0239566644	43.4862287327
0	0
66.0715648127	42.4238956283
66.0291447318	42.0030518044
66.5262836652	42.0030518044
67.0713359274	41.1436636912
0	0
67.0707255665	41.1433585107
67.9343862058	41.1943236439
0	0
70.5223163195	39.8875410086
70.5217059586	39.8881513695
0	0
70.7945372702	40.7246509499
70.3465323873	40.4298466468
0	0
69.0968184939	40.2244602121
68.641794461	40.1847867552
0	0
71.7799649042	39.9885557336
71.7799649042	39.9885557336
0	0
68.1440451667	41.0514991989
67.9343862058	41.1943236439
0	0
70.5867093919	40.999313344
70.5842679484	41.0011444266
0	0
68.9872587167	40.1490806439
68.8636606394	40.1417563134
0	0
80	41.9313344015
80.2764934768	42.0598153658
80.1693751431	42.6561379416
80.8172732128	43.1560234989
80.5209430076	44.7325856413
80	44.8622873274
0	0
80	44.9297322042
81.6879530022	45.3508812085
82.561684596	45.1293202106
82.3178454261	45.5706111238
83.0405127031	47.2121766995
84.75959411	46.8264286259
85.5231555657	47.0605020218
85.7587548638	48.3877317464
86.5961699855	48.5360494392
86.8747997253	49.1107042039
87.8406958114	49.1729610132
87.9832150759	48.569314107
90.0743114366	47.8863202869
90.9166094453	46.9481956207
90.8900587472	45.1970702678
93.5307850767	44.9620813306
95.4106965743	44.2964827955
96.3830014496	42.7312123293
100	42.6878767071
0	0
87.8431372549	49.1705195697
90.052948806	50
0	0
94.8632028687	50
97.3409628443	49.734493019
97.7914091707	50
0	0
80	30.8648813611
81.0318150607	30.2142366674
80.7306019684	30
0	0
84.7367055772	50
85.258564126	49.5913633936
86.1911955444	49.4726482033
86.7750057221	49.7888151369
87.3493553063	49.0920881971
0	0
80	42.3305104143
80.233463035	42.196536202
0	0
81.0247959106	30.196536202
82.1005569543	30.3421072709
82.6449988556	30
0	0
100	42.6878767071
100.835584039	42.6781109331
105.012283513	41.5812924392
107.472037842	42.4660105287
109.313496605	42.429999237
110.440527962	42.7779049363
111.95819028	43.6922255283
111.42137789	44.382543679
111.980773632	45.0917830167
113.63790341	44.7454032197
114.545204852	45.3893339437
115.701838712	45.4586099031
117.421225299	46.5783169299
119.927977417	46.7101548791
118.55771725	47.9952697032
117.372091249	47.6534676127
115.592278935	47.9195849546
116.608529793	49.933775845
116.175478752	50
0	0
113.806363012	50
113.090714885	49.5986877241
110.700236515	49.142137789
108.554818036	49.3359273671
107.977721828	49.9459830625
0	0
107.709468223	50
107.983825437	49.943541619
0	0
119.102769512	49.9905394064
119.110093843	50
0	0
116.709239338	49.8294041352
117.873197528	49.5077439536
119.095445182	49.9893186847
0	0
130.604409857	42.4193179217
129.907072557	43.005569543
129.701380941	42.4382391089
128.058899825	42.0033569848
128.155947204	41.3826199741
126.694743267	41.7402914473
126.012359808	40.8964675364
124.371709773	40.0929274434
0	0
134.740825513	48.2674906538
133.112382696	45.119859617
131.864805066	45.3453879606
130.949874113	44.8412298772
131.311512932	43.3922331579
131.123216602	42.9109636072
130.405127031	42.7180895705
130.691081102	42.2954146639
0	0
127.663996338	50
127.820553902	49.5907530327
129.481956207	49.4183260853
130.666056306	48.8683909361
130.995345998	47.6855115587
134.735332265	48.2662699321
0	0
126.999923705	38.2249179828
128.002441444	38.3064011597
0	0
128.002441444	38.3064011597
128.363469902	38.6210421912
0	0
124.131227588	39.829251545
124.371099413	40.0959792477
0	0
126.807354849	38.0006103609
126.999923705	38.2249179828
0	0
126.687113756	37.83276112
126.103913939	37.6954299229
0	0
126.688639658	37.8321507591
126.807354849	38.0006103609
0	0
124.649729152	38.0250247959
124.82917525	37.7586022736
0	0
124.743419547	37.9966430152
124.82917525	37.7586022736
0	0
125.638208591	37.6643015183
125.769130999	37.6569771878
0	0
124.649729152	38.0250247959
124.743419547	37.9966430152
0	0
-124.753795682	48.5012588693
-123.248645762	48.2781719692
-123.307850767	48.9996185245
-120	48.9996185245
0	0
-117.122758831	32.5354390784
-114.718547341	32.7182421607
-114.809796292	32.5040054932
-111.045700771	31.3330281529
-108.208438239	31.3330281529
-108.20874342	31.7834744793
-106.400854505	31.7502098116
-104.900587472	30.572823682
-104.638437476	30
0	0
-120	48.9996185245
-109.271992065	48.9996185245
-100	48.9996185245
0	0
-100	48.9996185245
-95.2364385443	48.9996185245
-95.1528191043	49.3765163653
-94.5375753414	48.7054245823
-90.3947508965	48.0959792477
0	0
-82.6547646296	42.5499351492
-83.1686884871	42.0460822461
-82.4252689403	41.6755931945
-80	42.4827954528
0	0
-90.389562829	48.0971999695
-89.3565270466	47.9797055009
-88.3680476081	48.3123521782
-84.1263447013	46.5319295033
-83.9588006409	46.0717174029
-82.5430685893	45.3557640955
-82.1301594568	43.5854123751
-82.4206912337	43.0162508583
0	0
-82.4206912337	43.0131990539
-82.6498817426	42.5542076753
0	0
-80	42.4827954528
-78.9858854047	42.8206301976
-79.1848630503	43.465476463
-78.7023727779	43.6379034104
-76.8020141909	43.6336308843
-74.9907682918	44.9868009461
-70.878767071	45.2385748074
-70.2537575341	46.1223773556
0	0
-68.8877698939	47.1880674449
-68.3070115206	47.364461738
-67.7933928435	47.0702677958
-67.7991912718	45.7012283513
-67.4299229419	45.5931944762
0	0
-70.2531471733	46.1196307317
-69.2326237888	47.4712748913
-68.8923476005	47.1877622644
0	0
-67.4241245136	45.5947203784
-67.2050049592	45.183947509
0	0
-5.7907988098	30
-3.62676432441	30.9704737926
-3.81353475242	31.6983291371
-2.85374227512	32.0883497368
-1.18867780575	32.1023880369
-1.74715800717	34.7470817121
-2.20950637064	35.0858319982
0	0
-8.75135423819	41.9636835279
-6.7771419852	41.9984740978
-6.18478675517	41.5886167697
-6.93125810636	41.0365453574
-7.00541695277	39.6900892653
-7.54650186923	39.6784924086
-6.98466468299	39.0492103456
-7.41313801785	37.1882200351
0	0
-0.00030518043792	42.7098496986
-1.76852063783	43.3971160449
0	0
-2.91477836271	35.2735179675
-2.94682230869	35.3290608072
0	0
-5.34584573129	35.8417639429
-5.39559014267	35.9159227893
0	0
-5.36385137713	36.1515220874
-5.38368810559	36.1515220874
0	0
5.54360265507	13.8904402228
6.4231326772	13.6054016938
6.93339436942	12.9971770809
7.81506065461	13.3527122911
9.63515678645	12.802777142
10.724040589	13.3862821393
12.4779125658	13.0566872663
13.6253910124	13.7180132753
14.1704432746	12.3877317464
14.6681925689	12.1771572442
14.6178377966	11.5054551003
13.7773708705	11.029983978
13.2512397955	10
0	0
20	21.49828336
15.9963378347	23.4975204089
14.2345311666	22.6137178607
13.5436026551	23.1682307164
11.9859616999	23.5210193027
11.5587090867	24.3022812238
10.252231632	24.6050202182
9.39406424048	26.1696803235
9.8728923476	26.5142290379
9.9589532311	27.8527504387
9.3379110399	30
0	0
3.52361333639	15.3571374075
4.20080872816	16.3938353552
4.2453650721	19.1465629053
3.33196002136	18.976272221
3.23308155947	19.8204013123
1.90524147402	20.2336156252
0.0155642023346	21.815365835
0	0
0.380560006104	10.2734416724
0.325322346838	10
0	0
2.84367132067	12.3935301747
3.60570687419	11.6919203479
3.85503929198	10.5850308995
3.557488365	10
0	0
13.6253910124	13.717097734
13.4688334478	14.4611276417
15.488517586	16.9001297017
15.9966430152	20.3529411765
15.2025635157	21.4958419165
14.9987029831	23.0009918364
0	0
15.6716258488	10
15.134508278	10.5273517967
15.0798809796	11.983978027
14.556801709	12.8296330205
0	0
0.917677576867	10.995803769
0.776684214542	10.3765926604
1.34798199435	10
0	0
0.229190508888	15.0019073777
0.465094987411	13.9136339361
1.28542000458	13.3499656672
0.989089799344	13.0472266728
1.57839322499	12.6300450141
2.1423666743	12.6944380865
2.39841306172	11.8951705196
0	0
2.31631952392	11.6784924086
1.41206988632	11.4532692454
1.11360341802	11.0247959106
0.0152590218967	11.1059739071
0	0
7.44457160296	20.8464179446
11.985351339	23.5216296635
0	0
2.31357289998	11.6791027695
2.37796597238	12.2403295949
2.83848325322	12.3959716182
0	0
3.52574959945	15.3592736706
0.0106813153277	14.9918364233
0	0
3.60448615244	11.6937514305
4.14251926452	13.4769207294
5.54512855726	13.891966125
0	0
4.24597543297	19.1465629053
5.81246662089	19.4462500954
7.45220111391	20.8522163729
0	0
0.383306630045	10.2734416724
0.00152590218967	10.604867628
0	0
14.5543602655	12.8278019379
14.0746166171	13.0817120623
0	0
0.00244144350347	10.9640650034
0.000610360875868	11.0968184939
0	0
22.8778515297	10.9216449226
23.5693904021	10
0	0
38.5983062486	17.9926756695
37.4242771038	17.0371557183
36.995803769	17.0737773709
36.1425192645	12.7075608453
35.6993972686	12.6657511254
35.0969710842	11.8268101015
34.8644235904	10.7348744945
34.5943389029	10.8877698939
34.2861066606	10.5542076753
34.239719234	10
0	0
34.9617761501	29.360952163
36.0698863203	29.188830396
36.7437247272	29.864805066
37.4905012589	30
0	0
24.7565423056	30
24.9976348516	29.2489509422
25.000686656	19.9992370489
24.0009155413	20.0019836728
24.0015259022	19.5002670329
20	21.49828336
0	0
23.9993896391	19.499656672
23.9993896391	15.696192874
22.9312581064	15.5545891508
21.8271152819	12.8024719615
22.4670786603	12.6218051423
22.8809033341	10.9246967269
21.7193865873	10.6393530175
21.1737239643	10
0	0
34.711528191	30
34.9037918669	29.4854657816
0	0
25.0022125582	21.9996948196
31.2712291142	21.9984740978
31.4555580987	22.2322423133
31.4540321965	21.9984740978
33.1841000992	21.9987792782
0	0
35.1049057755	30
34.9620813306	29.5510795758
0	0
35.6224917983	23.126115816
34.0184634165	21.7680628672
33.1911192493	21.9893186847
0	0
34.974898909	29.5761043717
34.9800869764	29.5461966888
0	0
40	14.5392538338
38.4496833753	14.4174868391
37.9122606241	14.8938735027
37.5283436332	14.184634165
37.3131914244	14.4470893416
36.5450522621	14.2581826505
0	0
43.0673685817	10
42.6630045014	10.6326390478
43.2541390097	11.4770733196
0	0
48.5810635538	30
48.7446402686	29.8532082094
0	0
55.1992065309	22.6997787442
55.4732585641	23.9678034638
56.0247196155	24.0761425193
55.8077363241	24.8781567102
56.3729304952	24.9794766155
0	0
48.420233463	28.5452048524
47.6890211337	28.5387960632
47.4601358053	28.999313344
43.9990844587	29.4604409857
0	0
43.6255436027	30
43.5910582132	29.6038757916
43.9990844587	29.4595254444
0	0
42.9431601434	11.0031280995
41.7914091707	10.9820706493
41.7599755856	11.5106431678
42.4560921645	12.5290302892
43.1232166018	12.7087815671
0	0
47.1595330739	30
46.5455100328	29.1042954147
0	0
51.9993896391	18.9991607538
54.9999237049	20.0001525902
55.6661326009	21.9996948196
55.1992065309	22.6997787442
52	22.9997711147
51.7494468605	23.8664835584
50.8317692836	24.7487602045
0	0
56.0799572747	26.0656137942
56.2700846876	25.636224918
0	0
56.0799572747	26.0656137942
56.2700846876	25.636224918
0	0
47.9810788128	30
48.3216601816	29.9011215381
0	0
51.1113145647	24.5558861677
51.2147707332	24.6202792401
0	0
53.0894941634	16.630655375
51.9993896391	18.9991607538
49.1178759442	18.6176852064
48.1849393454	18.1675440604
47.1836423285	16.9507896544
46.7493705653	17.2834363317
43.4375524529	17.5257495995
42.8043030442	16.3776607919
0	0
42.3950560769	12.4649423972
40.1229877165	14.5487144274
40	14.5392538338
0	0
61.6098268101	25.1931029221
61.8579385061	26.2346837568
63.181200885	26.6338597696
63.3420309758	27.1224536507
62.7646295872	27.2719920653
62.7814145113	28.266880293
61.9089036393	28.551918822
60.8670176242	29.8626688029
60.9835965515	30
0	0
66.3074692912	30
66.2568093385	29.8519874876
64.1159685664	29.3884184024
60.8691538872	29.8611429007
0	0
73.7315938048	30
71.896849012	27.9620050355
70.8354314488	27.7059586481
70.3682001984	28.02090486
69.5802243076	27.1734187839
69.5060654612	26.7544060426
70.1835660334	26.5362020294
70.089875639	25.9783321889
70.6718547341	25.6899366751
71.1058213169	24.4164187076
69.2283512627	24.269016556
0	0
69.2307927062	24.2693217365
68.7531853208	24.3212024109
68.135194934	23.6482795453
0	0
89.1364919509	21.6279850462
88.986037995	23.2082093538
88.5639734493	23.652246891
88.7394522011	24.244602121
88.0442511635	24.677347982
89.0095368887	25.2883192187
88.1104753185	25.835507744
88.4092469673	26.632028687
89.3699549859	26.0024414435
89.6781872282	26.2252231632
89.8454261082	25.2886243992
92.4812695506	24.9373617151
91.1570916304	23.7315938048
91.6136415656	22.9430075532
91.9499504082	23.7322041657
92.2887006943	23.696192874
92.6692607004	21.296864271
92.3631647211	21.4732585641
92.201419089	21.1409170672
0	0
98.7441824979	10.3448538949
99.6615548943	11.8268101015
99.1195544366	13.8785381857
98.1844815747	15.0992599374
98.928206302	16.3859006638
98.6898603799	16.2848859388
97.3455405509	18.5569542992
97.7746242466	18.5700770581
98.0498970016	19.8075837339
98.913557641	19.7462424659
99.454337377	20.3883421073
100	20.3523308156
0	0
80.7306019684	30
80.3768978408	29.7485313191
80.0631723507	28.8274967575
82.7685969329	27.5017929351
84.1434348058	27.524071107
85.2219424735	26.7629510948
86.9480430304	26.5328450446
0	0
94.6288242924	29.3276874952
95.3878080415	29.0353246357
96.0701915007	29.4674601358
96.3692683299	29.2889295796
96.1507591363	28.930342565
96.5120927749	29.0701152056
96.6173800259	28.7634088655
96.2633707179	28.4109254597
97.359578851	28.2040131228
96.8862439918	27.6061646448
97.1584649424	27.1206225681
96.1940947585	27.2707713436
95.1445792325	26.6164644846
94.1536583505	23.8597695888
93.3388265812	24.0779736019
93.1966124971	22.2563515679
92.6036469062	21.9822995346
0	0
97.3479819944	28.2232394903
97.5622186618	28.5491721981
98.0187685969	28.2784771496
98.3163195239	27.5420767529
98.704509041	27.5823605707
98.7780575265	26.7849240864
98.7109178302	25.8556496529
97.7230487526	25.0826276036
97.5356679637	23.9397268635
98.8903639277	24.160982681
98.881513695	23.1880674449
99.5663385977	22.9381246662
99.1628900587	22.1593041886
99.9655146105	22.0485236896
0	0
86.9462119478	26.5316243229
88.0305180438	26.3726253147
88.1306172274	27.9406424048
88.6289768826	28.119172961
89.1151293202	26.8270389868
92.1138323033	26.9256122683
91.6581979095	27.9479667353
90.0239566644	28.3248645762
88.9167620356	27.3208209354
0	0
91.6609445335	27.7648584726
92.555428397	27.8670939193
93.2280460822	28.6330968185
94.6312657359	29.3270771344
0	0
82.6449988556	30
86.0141908904	27.8826581216
86.1835660334	28.1640344854
88.1495384146	27.8643472953
0	0
99.967956054	22.0503547723
100	21.9697871366
0	0
98.374914168	10
98.743572137	10.3518730449
0	0
101.148088808	21.5715266651
101.28206302	21.1802853437
101.784695201	21.1427481498
101.691309987	22.4721141375
102.25070573	22.4129091325
102.484168765	22.7739375906
103.046921492	22.4348821241
103.336537728	22.796520943
103.96520943	22.498970016
105.325703822	23.3778896773
105.872587167	22.9103532464
106.821393149	22.8001831083
106.68284123	21.9691767758
107.785458152	21.6673533227
0	0
100	20.3523308156
100.091554131	20.3462272068
0	0
103.089951934	18.1373311971
103.305409323	18.4211490043
103.972533761	18.329594873
104.789501793	17.41466392
104.748302434	16.5256733043
105.638208591	15.6562142367
105.282673381	14.1779201953
106.095368887	13.9206530861
105.998016327	14.3671320668
106.33432517	14.4449530785
0	0
102.13931487	22.3976501106
102.676737621	21.655756466
102.976119631	21.739375906
102.822919051	21.2571908141
103.17051957	20.846723125
103.69359884	20.6572060731
104.109254597	20.9773403525
104.645151446	20.6581216144
104.382085908	20.4448004883
104.979018845	20.0050354772
104.640268559	19.6119630732
104.040588998	19.6943617914
0	0
102.915693904	11.6354619669
102.34134432	13.5577935454
103.180285344	14.329594873
105.211261158	14.3506523232
0	0
104.039368276	19.6925307088
103.879453727	19.2936598764
105.138933394	18.7028305486
106.586709392	16.6272983902
0	0
100.580148013	20.1551842527
100.489814603	19.5378042267
101.281147478	19.5622186618
100.910048066	17.5928892958
101.229877165	17.5275806821
0	0
106.458533608	11.6699473564
105.814908064	11.615320058
106.203402762	10.7705806058
105.102006561	10.9555199512
104.446784161	10.4223697261
0	0
106.588845655	16.6285191119
107.464713512	16.0785839628
107.174792096	15.7877470054
107.695429923	15.2707713436
107.545891508	14.7052719921
0	0
100.893568322	21.682917525
101.161516747	21.5306324865
100.091248951	20.3486686503
100.581063554	20.1576256962
0	0
107.460746166	13.7961394675
107.547417411	12.3535515373
106.471046006	11.8695353628
0	0
101.228046082	17.530327306
102.086213474	18.2142366674
102.670023651	17.8016327153
103.090562295	18.1391622797
0	0
106.332188907	14.4449530785
106.967574578	14.3241016251
107.548638132	14.7067978943
0	0
104.444037537	10.4238956283
104.086366064	10.1681544213
103.840695811	10.4019226368
103.897154192	10.032043946
0	0
113.862516213	22.4614328222
114.395056077	22.6094453346
114.502479591	22.1437399863
113.8814374	22.1437399863
113.86068513	22.4592965591
0	0
107.545281147	14.708018616
107.474479286	13.9298084993
0	0
100	21.9697871366
100.212710765	21.4326695659
0	0
100.889906157	21.6853589685
100.215457389	21.4348058289
0	0
113.571984436	22.2038605325
113.572899977	22.2032501717
0	0
107.782711528	21.6673533227
108.11871519	21.4491493095
0	0
106.469825284	11.8707560845
106.458533608	11.6647592889
0	0
107.472953384	13.9334706645
107.462882429	13.795834287
0	0
-104.638437476	30
-104.45319295	29.5959411002
-103.374990463	29.023727779
-102.306248569	29.8895246815
-101.405050736	29.7726405737
-100	28.1441977569
0	0
-92.2468909743	14.548409247
-91.7293049516	16.0749217975
-90.4325932708	16.099641413
-90.3959716182	16.4155031662
-91.4366369116	17.2382696269
-90.9837491417	17.2559700923
-90.9828336004	17.8199435416
-89.1419851987	17.8190280003
-89.2176699474	15.8896772717
-88.9109636072	15.8936446174
0	0
-100	28.1441977569
-99.5049973297	27.5701533532
-99.0853742275	26.400701915
-97.1398489357	25.9664301518
0	0
-83.1317616541	14.993057145
-84.4797436484	14.6179903868
-84.9066910811	14.8087281605
-85.7315938048	13.8294041352
-86.0157167926	14.0659189746
-86.760967422	13.7528038453
-86.6950484474	13.296864271
-87.0630960555	12.9999237049
0	0
-85.7315938048	11.0629434653
-83.9185168231	10.7083237964
-83.6453803311	10.9250019074
0	0
-87.6954299229	13.8187228199
-88.4687571527	13.8541237507
-89.3473716335	14.4315251392
0	0
-89.1508354314	15.0736247807
-89.5411612116	14.2743572137
0	0
-87.7430380713	18.1727321279
-88.4687571527	18.4876783398
-89.1416800183	17.8190280003
0	0
-89.5222400244	14.2273594263
-90.0956740673	13.7460898756
0	0
-89.1508354314	15.0736247807
-88.2148470283	15.7245746548
0	0
-87.6954299229	13.818112459
-87.8162813764	13.4052033265
0	0
-87.3008316167	12.9868009461
-87.0649271382	12.9999237049
0	0
-71.3252460517	11.8530556191
-72.4931715877	11.121232929
-73.0101472496	10
0	0
-71.7534142061	19.7059586481
-71.7805752651	18.0421149004
0	0
-17.0525673304	20.7649347677
-16.9530785077	21.3383688106
-12.9997711147	21.3380636301
-13.1053635462	22.8929579614
-12.0003051804	23.4544899672
-12.0006103609	26
-8.66681925689	26.0003051804
-8.66681925689	28.7103074693
-5.7907988098	30
0	0
-5.0458533608	10
-5.52040894179	10.4248111696
-5.19661249714	11.4239719234
-5.40199893187	11.8298619059
-4.38849469749	12.3068589303
-3.96398870832	13.5040817884
-3.44060425727	13.2755016403
0	0
-12.0579842832	14.7248035401
-14.3453116655	16.6385900664
-16.2807660029	16.5195696956
-16.5429159991	16.0608834974
0	0
-12.0820935378	13.7079423209
-11.3780422675	12.9880216678
-11.3737697414	12.4051270314
-15.218127718	12.6846723125
-16.7171740291	12.323338674
0	0
-8.79652094301	12.0080872816
-8.35950255589	11.3717860685
-8.67841611353	10.9616235599
-8.2896162356	11.0077058061
-7.94018463416	10.243228809
-8.00457770657	10
0	0
-16.5612268254	13.5901426719
-15.0704203861	13.8263523308
-13.7978179599	13.4067292287
-14.350499733	13.2382696269
-15.1168078126	13.5956359197
-16.7486076143	13.0609597925
0	0
-5.49507896544	15.4975204089
-9.3379110399	15.7047379263
-9.41115434501	15.4438086519
-10.7179369802	15.4386205844
-10.8992141604	15.1071946288
-11.5065232319	15.6482795453
-12.0567635615	14.7260242618
0	0
-5.49660486763	15.4984359503
-5.33485923552	16.3279163806
-5.60128175784	16.5076676585
-6.57724879835	24.999313344
-4.80598153658	25.0002288853
-8.66651407645	27.2903028916
0	0
-2.83176928359	11.0040436408
-2.72007324331	10
0	0
-15.0121309224	10.9579613947
-14.6868085756	11.5097276265
-13.7093156329	11.7154192416
-13.9678034638	12.1551842527
0	0
-6.6468299382	10.6646829938
-6.97764553292	10.1510643168
-7.48699168383	10.4623483635
-7.97467002365	10.1657129778
0	0
-3.43877317464	13.2764171817
-2.47257190814	14.2896162356
-2.00595101854	14.1886015106
-1.9726863508	14.5398641947
-0.713817044327	15.0901045243
-0.00701915007249	14.9985503929
0	0
-10.6544594491	11.8957808804
-10.3288319219	12.2241550317
-9.34248874647	12.2519264515
0	0
-11.3731593805	12.4078736553
-11.3197528038	12.0251773861
-10.9288166629	12.2244602121
-10.6526283665	11.8939497978
0	0
-0.00213626306555	11.1093308919
-2.83451590753	11.0012970169
0	0
-4.80598153658	25.0002288853
-0.000915541313816	21.8251316091
0	0
-12.2447547112	14.7641718166
-12.0796520943	13.7088578622
0	0
-6.22415503166	10.2569619287
-6.22262912947	10.7214465553
-6.64499885557	10.6668192569
0	0
-9.31319142443	12.5033951324
-8.79865720607	12.0080872816
0	0
-5.52040894179	10.4336614023
-6.22262912947	10.2581826505
0	0
-13.1746395056	27.666895552
-8.66681925689	27.6665903716
0	0
-13.6955825132	12.2934309911
-13.9711604486	12.1539635309
0	0
-9.3443198291	12.2500953689
-9.31105516136	12.5043106737
0	0
-13.6937514305	12.2940413519
-13.7129777981	12.6758220798
0	0
-0.00213626306555	10.6082246128
-0.00183108262763	10.9179827573
0	0
-0.00518806744486	11.0986495766
-0.151064316777	11.1392385748
0	0
-0.00122072175174	10.9283588922
-0.00122072175174	10.9607080186
0	0
20	-7.05531395438
19.5422293431	-6.99732967117
19.3731593805	-7.99618524453
17.6241702907	-8.0981155108
16.9457541772	-7.20820935378
16.5798428321	-5.90081635767
13.1813534752	-5.85656519417
0	0
13.2512397955	10
11.5184252689	6.60761425193
11.1244373236	6.43793392844
10.5961699855	7.13405050736
9.7956816968	6.80170901045
8.86518654154	5.84191653315
8.51789120317	4.68162050813
0	0
11.3401998932	2.16998550393
13.2549019608	2.26642252232
13.160296025	1.2413214313
14.2638284886	1.34081025406
14.4734874495	0.830853742275
13.8484779126	-0.198519874876
14.5186541543	-0.609292744335
14.5049210346	-1.40672922866
14.1078812848	-2.49622339208
13.7621118486	-2.08880750744
13.4828717479	-2.437628748
12.9845120928	-2.37232013428
12.6500343328	-1.82238498512
12.4779125658	-2.32715342947
11.5742732891	-2.33325703822
11.9258411536	-3.63698786908
11.4970626383	-3.50698100252
11.1396963455	-3.92324711986
0	0
20	9.08598458839
18.9889372091	8.96421759365
19.1259632258	8.67277027543
18.588845655	8.04013122759
17.7080949111	7.98519874876
0	0
20	4.77653162432
19.4265659571	5.13542381933
18.5418478676	4.33554589151
18.6248569467	3.47890440223
0	0
18.2247653925	2.42389562829
17.7151140612	-0.537270160983
16.1959258412	-2.17578393225
15.9026474403	-3.93179217212
14.6614785992	-4.90959029526
14.4097047379	-4.27267872129
13.4102388037	-4.88303959716
12.7690547036	-4.39078355077
12.0262455177	-5.01426718547
0	0
15.5019455253	7.52956435492
14.4145876249	6.0442511635
15.0768291752	3.92050049592
16.103150988	2.89845120928
16.1617456321	1.72198062104
14.579079881	2.20813305867
13.2951857786	2.16357671473
0	0
0.325322346838	10
0.216983291371	9.46318760967
0.552071412222	9.40581368734
0.683604180972	6.58838788434
0	0
16.8181887541	7.54360265507
16.5645838102	7.87319752804
15.4988937209	7.52681773098
15.2019531548	8.48569466697
13.9574273289	9.63866636149
14.1905851835	9.98168917372
15.682917525	9.98992904555
0	0
3.557488365	10
3.09514000153	9.09056229496
2.7884336614	9.05424582284
2.68192568856	7.89364461738
0	0
18.5391012436	3.07545586328
18.4814221408	3.64187075608
16.6692607004	3.53749904631
16.2072175174	2.22156099794
0	0
15.6795605402	9.99237048905
15.6716258488	10
0	0
9.80971999695	2.34485389487
11.3417257954	2.16845960174
11.3539330129	1.00205996796
9.54268711376	0.975509269856
0	0
1.34798199435	10
1.35500114443	9.99542229343
1.61898222324	9.04417486839
1.79995422293	6.2807660029
0	0
13.0922407874	-4.63370717937
12.4626535439	-5.05119401846
12.5267414359	-5.72411688411
12.2005035477	-5.77965972381
0	0
2.71885252155	6.36469062333
2.68375677119	7.89547570001
0	0
16.8181887541	7.54573891814
17.7099259937	7.98672465095
0	0
13.1795223926	-5.85626001373
12.3781185626	-6.05249103532
0	0
18.5406271458	3.07423514153
18.2198825055	2.42725261311
0	0
1.20302128634	6.10040436408
0.685740444038	6.59235523003
0	0
1.80239566644	6.28015564202
1.63576714733	6.21820401312
0	0
28.8987563897	-8.48142214084
28.3723201343	-9.26085297932
28.5459678035	-10
0	0
22.1118486305	-10
21.7911039902	-9.41161211566
21.7834744793	-7.28175783932
20	-7.05531395438
0	0
23.5693904021	10
23.6691844053	9.86694132906
23.5178149081	8.71427481498
24.2438391699	8.69596398871
24.1773098344	8.31601434348
25.2533760586	7.85061417563
25.206988632	7.49752040894
26.4051270314	6.64637216754
26.4374761578	6.07782101167
27.1979858091	5.71374074922
27.7875944152	4.60135805295
28.4034485389	4.27786678874
29.6147096971	4.65598535134
30.9263752193	3.51064316777
30.7292286564	2.44769970245
31.3026626993	2.1214618143
29.9604791333	0.82566567483
29.5970092317	-1.38597695888
30.7515068284	-0.997787441825
34.0205996796	-1.00144960708
37.60280766	-2.99580376898
37.6134889754	-3.50423437858
39.2040894179	-4.6709391928
0	0
34.239719234	10
34.1206988632	8.57724879835
33.2045471885	8.43381399252
33.0501258869	7.79415579461
33.7181658656	7.65865568017
34.701762417	6.68177309834
35.3081559472	5.37041275654
35.8358129244	5.31853208209
35.9511711299	4.52109559777
37.039749752	4.37552452888
38.1210040436	3.61165789273
39.5602349889	3.40657663844
40	3.72335393301
0	0
33.3382162203	-10
32.946364538	-9.39604791333
34.3251697566	-9.73266193637
34.4182497902	-10
0	0
21.1737239643	10
20.4388494697	9.13878080415
20	9.08598458839
0	0
27.4546425574	5.01731898985
25.5420767529	5.38139925231
25.2899977111	5.0249485008
24.3942931258	5.11558709087
23.4262607767	4.59189745937
22.8909742885	4.81925688563
22.3337148089	4.12680247196
20.5856412604	4.41000991836
20	4.77653162432
0	0
29.2149233234	-3.33699549859
29.4239719234	-4.44876783398
29.7523460746	-4.4609750515
30.8448920424	-2.97596704051
30.4176394293	-2.86182955673
30.5732814527	-2.39917601282
29.9522392615	-2.30945296407
29.7419699397	-2.80231937133
29.0589761196	-2.60486762799
29.2137026017	-3.33363851377
0	0
29.4261081865	-4.44937819486
29.5503166247	-6.29541466392
30.7701228351	-8.19089036393
28.8969253071	-8.47928587778
0	0
35.9383535515	4.61936369879
34.387426566	4.60990310521
33.517051957	3.75234607462
32.1934843977	3.51125352865
31.1766231785	3.79537651637
30.8595407034	3.49111161975
0	0
33.9974059663	4.22262912947
34.9373617151	2.50171663996
34.999313344	1.6685740444
34.5268940261	1.11253528649
0	0
30.7692072938	-8.19302662699
32.9402609293	-9.40611886778
0	0
30.5738918135	-2.39795529107
30.8940260929	-2.07598992905
30.4835584039	-1.06126497292
0	0
34.3782711528	4.60105287251
35.3209735256	5.02372777905
35.6984817273	4.62058442054
0	0
29.2347600519	-1.692683299
29.025101091	-2.7385366598
0	0
34.5256733043	1.11375600824
34.0041199359	0.23483634699
0	0
34.0047302968	0.236667429618
33.9238574807	-1.00114442664
0	0
29.5976195926	-1.38445105669
29.2329289693	-1.692683299
0	0
40	3.72335393301
40.7840085451	4.28793774319
41.8435950256	3.94735637446
43.6862745098	4.89188982986
44.9509422446	4.90257114519
47.9893186847	8.0032043946
46.9947356374	8.00625619898
43.4384679942	9.41954680705
43.0673685817	10
0	0
40.9884794385	2.82093537804
40.9982452125	-0.866254673075
41.5576409552	-1.67223620966
0	0
41.9137865263	3.99008163577
40.9863431754	2.83283741512
0	0
99.4622720684	6.42145418479
100	6.4199282826
0	0
97.8802166781	9.52819104295
98.374914168	10
0	0
109.646753643	2.07049668116
109.669947356	1.6130312047
110.555275807	0.85374227512
111.827267872	0.998702983139
112.484321355	1.57000076295
113.6583505	1.22484168765
114.562905318	1.43358510719
115.872434577	4.36118104829
117.900053407	4.17654688334
0	0
100	6.4199282826
100.124208438	6.41962310216
100.215152209	6.71107042039
100.754100862	6.5020218204
101.145952544	5.63103685054
101.833829252	5.7433432517
102.095674067	6.23468375677
0	0
114.094758526	4.59037155718
114.64103151	4.01876859693
115.018844892	4.89585717556
0	0
115.028305486	4.81925688563
115.348744945	4.31418326085
115.145494774	4.90257114519
0	0
104.094911116	1.31120775158
103.603265431	1.27824826429
0	0
141.004043641	-2.60547798886
141.007095445	-9.10154879072
0	0
-80	-4.37064164187
-80.135194934	-4.28274967575
0	0
-82.56443122	9.56847486076
-82.9346150912	9.47173266194
-82.896162356	8.02914473182
0	0
-80.1312275883	-4.28091859312
-80.4779125658	-4.4280155642
-80.1501487755	-3.87960631724
-80.3689631495	-3.36934462501
0	0
-78.8097962921	1.43785763333
-77.3745326925	0.383154039826
-76.2972457465	0.45639734493
-74.8235294118	-0.168612191958
-72.9390402075	-2.43091477836
-71.7415121691	-2.13153276875
-70.099641413	-2.62684061952
-70.7246509499	-3.77981231403
-69.9464408331	-4.22415503166
-69.3803311208	-1.18059052415
-70.0581368734	-0.157625696193
-70.0450141146	0.586099031052
-69.2085145342	0.61600671397
0	0
-66.760967422	-10
-66.6343175402	-9.90691996643
-65.3900968948	-9.69207293812
-65.3904020752	-10
0	0
-70.0352483406	-4.34714274815
-70.7655451286	-4.14602883955
-72.8941786831	-5.12596322576
-73.1477836271	-6.44312199588
-74.0096131838	-7.54757000076
-72.9640650034	-8.98344396124
-73.2051575494	-9.40733958953
-72.3054856184	-9.53002212558
-72.186770428	-10
0	0
-71.7259479667	-10
-71.2990005341	-9.99633783474
-70.5162127108	-9.42992294194
-70.5577172503	-10
0	0
-60.1095597772	5.23216601816
-60.1474021515	4.51743343252
-60	4.38284885939
0	0
-73.0101472496	10
-73.3836881056	9.18974593729
-72.772106508	9.11314564736
-72.3271534295	8.10727092393
-72.4687571527	7.48775463493
-71.8809796292	6.98542763409
-70.1194781415	6.97596704051
-69.4294651713	6.11871519036
-67.454337377	6.19317921721
0	0
-75.2819104295	-0.10788128481
-75.6282902266	-0.111238269627
-75.2159914549	-0.965438315404
-75.562371252	-1.54375524529
-76.661326009	-2.572823682
-78.3373769741	-3.42275120165
-79.0365453574	-4.99565117876
-80	-4.37064164187
0	0
-64.641794461	4.2220187686
-64.0424200809	2.47821774624
-63.3612573434	2.41931792172
-63.3929961089	2.15136949722
-65.5188830396	0.649576562142
-65.5896849012	0.989242389563
-66.3123521782	0.750591287098
-66.8720531014	1.22270542458
0	0
-60.7293812467	5.2059205005
-60.5798428321	4.94651712825
-60.9851224537	4.5204852369
-62.7457084001	4.03250171664
-62.8751049058	3.56038757916
-64.639047837	4.2220187686
0	0
-77.3665980011	8.67490653849
-77.1465629053	7.94308384833
-77.5738155184	7.52529182879
-77.7465476463	7.72213321126
-77.8896772717	7.22896162356
0	0
-60.1101701381	5.22667277028
-60.732433051	5.20347905699
-61.3922331579	5.94415197986
-61.1337453269	6.71137560082
-60.2887006943	7.057145037
-60.7196154726	7.52895399405
-60.3372243839	7.84664682994
0	0
-67.4537270161	6.19317921721
-67.8776226444	4.54337376974
-67.2904554818	3.3974212253
-67.8455786984	2.79224841688
0	0
-66.8744945449	1.22484168765
-67.4241245136	2.14373998627
-67.9148546578	1.74517433433
-68.186770428	2.0201419089
-68.142824445	1.72320134279
-69.8423743038	1.71435111009
0	0
-67.855039292	2.79011215381
-67.1924925612	2.39246204318
-66.8741893645	1.22209506371
0	0
-69.8429846647	1.71374074922
-69.8423743038	1.06218051423
-69.2698558022	1.03837644007
-69.2085145342	0.618753337911
0	0
-60.339360647	7.84542610819
-60	8.11642633707
0	0
-60	4.38284885939
-59.5162890059	3.94155794614
-59.9899290455	2.82246128023
-59.751888304	1.86541542687
-58.8070496681	1.18547341115
-57.3247882811	1.97528038453
-56.4702830549	1.9444571603
-58.0468451972	4.00839246204
-57.9180590524	4.83176928359
-57.288471809	5.01670862898
-57.248798352	5.48546578164
0	0
-56.4693675135	1.9444571603
-55.9041733425	1.89318684672
-55.965819791	2.53284504463
-54.9483482109	2.61738002594
-54.1234454871	2.11352712291
-53.7450217441	2.37384603647
-52.9481956207	2.17792019532
-51.682917525	4.03494316014
0	0
-54.603494316	2.32959487297
-54.0010681315	3.44838635843
-54.4863050278	4.8986037995
-53.9647516594	5.76501106279
0	0
-60	8.11642633707
-59.8013275349	8.2751201648
-59.990234226	8.53513389792
0	0
-2.68650339513	9.48180361639
-3.19096665904	9.92401007095
-4.68055237659	9.67345693141
-5.0458533608	10
0	0
-8.00457770657	10
-8.13794155795	9.49614709697
-7.84252689403	9.41710536355
-7.64629587243	8.37827115282
0	0
-8.4690623331	7.56008239872
-8.27985046159	7.00038147555
-8.60639353017	6.50782024872
-7.42473487449	5.84496833753
-7.5245288777	4.35355153735
0	0
-13.3009842069	9.03562981613
-12.4562447547	9.88830395972
-11.2144655528	9.9975585565
-10.5717555505	9.05699244678
-10.7014572366	8.27542534524
0	0
-7.64782177462	8.38040741588
-8.24200808728	8.44663157092
-7.94811932555	8.0184634165
-8.21179522393	7.54512855726
-8.6701762417	7.69680323491
-9.11085679408	7.1938658732
-9.30464637217	7.41664759289
0	0
-9.30281528954	7.41817349508
-9.75875486381	8.56839856565
-10.6999313344	8.27389944305
0	0
-2.72007324331	10
-2.58457312886	8.78080415045
0	0
-10.2662699321	8.48813611048
-11.488517586	6.92652780957
0	0
-2.58152132448	8.77988860914
-2.48783093004	8.197909514
-3.24925612268	6.61127641718
-2.76432440681	5.59014267185
0	0
-2.76218814374	5.58861676967
-2.9275959411	5.10032806897
0	0
-3.10368505379	5.08598458839
-2.88181887541	5.11406118868
0	0
20	-17.9032578012
18.9239337758	-17.8165865568
18.4524299992	-17.3899443046
13.9809262226	-17.4250400549
13.374227512	-16.9687953002
11.7695887694	-17.2513923857
0	0
20	-22.0012207218
19.9957274739	-22.0015259022
20	-23.9757381552
0	0
19.9963378347	-28.4222171359
19.1293202106	-28.9608606088
18.1759365225	-28.9086747539
17.4047455558	-28.7136644541
17.0635538262	-28.0285343709
16.4876783398	-28.5796902419
0	0
20	-26.4553292134
19.9981689174	-28.4255741207
0	0
14.527504387	-22.6851300832
14.7316700999	-23.2396429389
14.4582284276	-23.1535820554
0	0
28.5459678035	-10
28.6997787442	-10.6533913176
28.3579766537	-11.5341420615
29.0315098802	-12.3831540398
29.8060578317	-12.1570153353
29.8014801251	-13.4540321965
29.0159456779	-13.397878996
27.2050049592	-11.5701533532
26.7286182956	-12.0175478752
26.0047302968	-11.9024948501
25.359578851	-11.6415655756
25.3321126116	-11.1932555123
24.3128099489	-11.3974212253
23.9984740978	-10.8691538872
22.2391088731	-11.248798352
22.3135729	-10.3698786908
22.1118486305	-10
0	0
38.4902723735	-11.4154268711
37.9522392615	-11.2817578393
37.4575417716	-11.7276264591
35.8382543679	-11.4148165103
34.6260776684	-11.5759517815
34.3678950179	-12.2122529946
34.5662623026	-13.3423361563
35.9243152514	-14.8856336309
35.8144502937	-16.0193789578
35.137254902	-16.5506981003
35.2904554818	-17.1354238193
34.2555886168	-15.8991378653
34.5223163195	-14.5716029603
33.6781872282	-14.6051728084
32.6799420157	-13.6160830091
33.0464637217	-12.6037994965
33.5457389181	-12.3593499657
33.2506294347	-10.8865491722
33.7029068437	-10.5618371862
33.3382162203	-10
0	0
34.4182497902	-10
34.9629968719	-11.5649652857
0	0
25.263447013	-17.8013275349
27.0380712596	-17.9594110018
27.8251316091	-16.9590295262
28.75959411	-16.5522240024
28.9271381704	-15.9720759899
30.4139772641	-15.6336308843
30.2128633555	-14.981155108
33.2240787366	-14.012512398
0	0
21.3806363012	-18.0143434806
20	-17.9032578012
0	0
25.5854123751	-25.621576257
24.6771953918	-25.827878233
23.0133516442	-25.2996108949
22.0560006104	-26.6256198978
20.6903181506	-26.8957045853
0	0
23.4753948272	-17.6255436027
21.9989318685	-16.1731898985
21.9983215076	-13.004196231
24.0204470893	-13.0063324941
23.9868772412	-10.8712901503
0	0
23.2895399405	-17.9987792782
20.9936675059	-18.3176928359
20.9918364233	-21.9969481956
20	-22.0012207218
0	0
20	-23.9757381552
20.0015259022	-24.7655451286
20.6762798505	-25.4631876097
20.6924544137	-26.8966201266
0	0
24.2392614633	-17.4784466316
25.0370031281	-17.5852597848
26.1661707485	-19.5277332723
27.7155718318	-20.510109102
0	0
26.4011596857	-24.6318760967
27.1308461128	-23.5259021897
29.3766689555	-22.1922636759
0	0
28.8923476005	-30
29.1688410773	-29.9139391165
29.4551003281	-29.3426413367
28.6991683833	-28.61326009
0	0
31.3002212558	-22.4180972
32.0161745632	-24.4594491493
32.0201419089	-25.6502632181
31.8779278248	-25.9954222934
31.1284046693	-25.9139391165
30.8189517052	-26.8105592432
31.5291065843	-27.3131914244
31.987487602	-27.3162432288
32.0070191501	-26.8087281605
32.8914320592	-26.8465705348
0	0
32.4919508659	-21.3450827802
32.5023270008	-20.598611429
33.0266269932	-20.0309758145
32.6991683833	-18.9445334554
33.0012970169	-18.4046692607
0	0
30.4139772641	-15.6336308843
30.4228274968	-16.0093080034
32.9820706493	-16.7084763867
33.044632639	-17.3459983215
0	0
23.2935072862	-17.9993896391
23.6154726482	-18.4852368963
25.2652780957	-17.7976653696
0	0
27.7125200275	-20.5073624781
28.0158693828	-21.5660334173
29.2567330434	-22.0656137942
0	0
29.3745326925	-22.1910429541
31.296864271	-22.4159609369
32.489204242	-21.3472190433
0	0
38.492713817	-11.416037232
40	-10.6897077897
0	0
28.7013046464	-28.6141756313
27.74914168	-28.9089799344
27.0124361028	-29.6417181659
0	0
20.0015259022	-24.7661554894
20	-26.4553292134
0	0
33.039749752	-17.3575951781
33.0037384604	-18.4113832303
0	0
24.2368200198	-17.4793621729
21.3736171511	-18.0161745632
0	0
27.0154879072	-29.6429388876
27.2089723049	-30
0	0
25.5854123751	-25.6243228809
25.8673990997	-24.7396047913
0	0
34.6993209735	-12.0120546273
34.6993209735	-12.0114442664
0	0
32.1339742123	-26.8395513848
31.9673456931	-25.9575799191
0	0
34.6575112535	-12.0019836728
34.6575112535	-12.0019836728
0	0
26.4032959487	-24.630655375
25.8692301823	-24.7444876783
0	0
29.2552071412	-22.0631723507
29.372091249	-22.1919584955
0	0
40	-10.6897077897
40.4364080262	-10.479438468
0	0
-69.499656672	-17.5053025101
-68.9793240253	-18.9454489967
-68.4388494697	-19.4248874647
-68.7568474861	-20.406958114
-67.8764019226	-22.8279545281
-67.0008392462	-23.0028229191
-67.3362325475	-24.0215152209
-68.5648889906	-24.7743953613
-68.3155565728	-27.0418860151
-68.8108644236	-27.1206225681
-69.6546883345	-28.3990234226
-70.0309758145	-29.3002212558
-69.8744182498	-30
0	0
-67.7006179904	-10.6918440528
-66.760967422	-10
0	0
-65.3904020752	-10
-65.3928435187	-11.2664988174
-64.9915312428	-12.0080872816
-64.2804608225	-12.5021744106
-63.0749980926	-12.6498817426
-61.8338292515	-13.5446707866
-60.4708934157	-13.8071259632
-60.5712977798	-15.0974288548
-60.1602197299	-16.2629129473
-60	-16.2644388495
0	0
-72.186770428	-10
-72.1858548867	-10.0039673457
-71.7259479667	-10
0	0
-70.5577172503	-10
-70.6315709163	-11.0092317082
-68.7006942855	-11.1346608682
-67.7033646143	-10.6945906767
0	0
-69.5677119097	-10.951247425
-68.6753643091	-12.4994277867
-69.4218356603	-15.6180666819
-68.8224612802	-16.3398184176
-69.6208133059	-17.1906614786
-69.8414587625	-18.1284809644
-70.4048218509	-18.3479056992
0	0
-67.1824216068	-22.8206301976
-66.2317845426	-21.7875944152
-64.5947966735	-22.2117952239
-64.324711986	-22.8737315938
-63.9411001755	-22.0009155413
-62.8088807507	-21.9966430152
-61.0122835126	-23.8106355383
-60	-24.1661707485
0	0
-62.6398107881	-22.2392614633
-61.7425803006	-19.6449225605
-60	-19.2988479438
0	0
-60	-16.2644388495
-58.3276112001	-16.2790875105
-58.3978027008	-17.2483405814
-57.4584573129	-18.2047760739
-58.1588464179	-20.168612192
0	0
-53.8356603342	-27.1715877012
-55.7653162432	-28.2259861143
-57.4587624933	-30
0	0
-56.4888990616	-22.0854505226
-55.7454795148	-22.3952086671
-55.404898146	-23.9647516594
-54.2430762188	-24.0523384451
-54.6929121843	-26.4284733349
-55.7845426108	-27.4340428779
0	0
-60	-24.1661707485
-59.4808880751	-24.3486686503
0	0
-59.6380560006	-24.2485694667
-57.5533684291	-25.4427405203
-58.6022735943	-27.2948805982
0	0
-60	-19.2988479438
-59.9908445869	-19.2970168612
-58.1515220874	-19.8280308232
-57.8142977035	-20.972152285
-57.9818417639	-22.0897230488
0	0
-54.5983062486	-25.5736629282
-53.863431754	-25.6810864424
-53.8359655146	-27.1715877012
0	0
-58.6007476921	-27.2964065003
-55.7888151369	-27.4325169757
0	0
-56.4864576181	-22.0823987182
-57.9827573053	-22.0891126879
0	0
27.5684748608	-30.4043640803
28.0976577401	-30.6588845655
28.3778133822	-30.1602197299
28.8923476005	-30
0	0
27.2089723049	-30
27.3810940719	-30.3176928359
0	0
27.5645075151	-30.4043640803
27.3786526284	-30.317082475
0	0
-69.8744182498	-30
-69.8316929885	-30.1904325933
-70.5610742351	-31.3141069657
-69.8124666209	-34.2355992981
-70.5674830243	-35.2478828107
-70.3709468223	-36.0532539864
-71.1851682307	-36.8421454185
-70.8241397726	-38.567940795
-71.6954299229	-39.5844968338
-71.7262531472	-42.0967421988
-72.1315327687	-42.2819867247
-71.855039292	-44.3715571832
-71.1079575799	-44.5397116045
-72.078736553	-44.7695124743
-71.2977798123	-45.2932021057
-71.7805752651	-45.6490424964
-71.6694895857	-46.6790264744
-72.3604180972	-47.4700541695
-72.5642786297	-48.8043030442
-73.5835812924	-49.537956817
-73.4248874647	-50
0	0
-57.4587624933	-30
-57.6440070192	-30.1937895781
-58.1991302358	-32.4499885557
0	0
-53.3800259403	-33.7457846952
-53.5197985809	-33.137254902
-53.0931563287	-32.7298390173
-53.7465476463	-32.0556954299
-55.5819028	-30.845960174
-56.0067139696	-31.081559472
-56.8004882887	-30.1098649577
-57.607690547	-30.1849393454
0	0
-58.1997405966	-32.4539559014
-58.2632181277	-34.1736476692
0	0
-73.4248874647	-50
-73.1660944533	-50.7531853208
-72.2941939422	-50.6497291524
-72.4394598306	-51.5597772183
-71.9121080339	-51.9977111467
0	0
-68.6182955673	-52.6434729534
-68.6384374762	-54.8859388113
0	0
-71.9172961013	-51.9955748836
-68.427862974	-52.3779659724
